1000000000
1000000002
1000000003
1000000004
1000000007
1000000008
1000000010
1000000012
1000000013
1000000014
1000000016
1000000017
1000000018
1000000019
1000000020
1000000021
1000000022
1000000023
1000000025
1000000026
1000000027
1000000028
1000000029
1000000031
1000000032
1000000033
1000000034
1000000035
1000000036
1000000037
1000000038
1000000040
1000000042
1000000043
1000000044
1000000045
1000000046
1000000047
1000000048
1000000049
1000000050
1000000051
1000000053
1000000055
1000000056
1000000057
1000000059
1000000060
1000000061
1000000064
1000000065
1000000066
1000000067
1000000068
1000000069
1000000070
1000000072
1000000073
1000000074
1000000075
1000000077
1000000078
1000000080
1000000081
1000000082
1000000083
1000000085
1000000086
1000000087
1000000088
1000000091
1000000092
1000000094
1000000096
1000000098
1000000099
1000000100
1000000102
1000000103
1000000104
1000000105
1000000106
1000000107
1000000109
1000000110
1000000111
1000000112
1000000113
1000000114
1000000115
1000000116
1000000118
1000000120
1000000121
1000000122
1000000123
1000000124
1000000125
1000000126
1000000127
1000000128
1000000129
1000000130
1000000131
1000000132
1000000133
1000000134
1000000135
1000000136
1000000140
1000000141
1000000142
1000000144
1000000145
1000000146
1000000147
1000000148
1000000150
1000000151
1000000152
1000000153
1000000154
1000000155
1000000156
1000000158
1000000159
1000000160
1000000161
1000000162
1000000163
1000000164
1000000166
1000000167
1000000168
1000000170
1000000171
1000000172
1000000174
1000000175
1000000176
1000000177
1000000178
1000000180
1000000181
1000000182
1000000184
1000000185
1000000186
1000000187
1000000188
1000000189
1000000190
1000000191
1000000192
1000000193
1000000194
1000000195
1000000196
1000000197
1000000198
1000000199
1000000200
1000000201
1000000202
1000000203
1000000204
1000000205
1000000206
1000000207
1000000208
1000000209
1000000210
1000000212
1000000213
1000000215
1000000216
1000000217
1000000219
1000000220
1000000221
1000000223
1000000225
1000000226
1000000227
1000000228
1000000230
1000000231
1000000232
1000000233
1000000234
1000000235
1000000236
1000000237
1000000239
1000000240
1000000241
1000000242
1000000243
1000000244
1000000245
1000000246
1000000247
1000000248
1000000249
1000000250
1000000251
1000000252
1000000253
1000000254
1000000255
1000000256
1000000257
1000000258
1000000259
1000000260
1000000261
1000000262
1000000264
1000000265
1000000266
1000000267
1000000270
1000000271
1000000272
1000000273
1000000274
1000000275
1000000276
1000000277
1000000278
1000000279
1000000280
1000000281
1000000282
1000000283
1000000285
1000000286
1000000289
1000000290
1000000291
1000000292
1000000293
1000000296
1000000297
1000000298
1000000299
1000000301
1000000302
1000000303
1000000305
1000000306
1000000307
1000000309
1000000312
1000000313
1000000314
1000000315
1000000317
1000000318
1000000319
1000000320
1000000321
1000000322
1000000323
1000000324
1000000325
1000000326
1000000327
1000000328
1000000329
1000000330
1000000331
1000000333
1000000334
1000000335
1000000336
1000000338
1000000339
1000000340
1000000341
1000000343
1000000345
1000000346
1000000347
1000000348
1000000349
1000000350
1000000351
1000000352
1000000353
1000000354
1000000355
1000000357
1000000358
1000000359
1000000360
1000000361
1000000362
1000000363
1000000365
1000000366
1000000367
1000000369
1000000370
1000000371
1000000372
1000000374
1000000375
1000000376
1000000377
1000000378
1000000379
1000000380
1000000381
1000000382
1000000384
1000000385
1000000386
1000000387
1000000388
1000000392
1000000393
1000000395
1000000396
1000000397
1000000398
1000000399
1000000400
1000000401
1000000403
1000000404
1000000405
1000000406
1000000407
1000000408
1000000410
1000000411
1000000412
1000000413
1000000414
1000000415
1000000416
1000000417
1000000418
1000000419
1000000420
1000000421
1000000422
1000000424
1000000425
1000000426
1000000428
1000000429
1000000430
1000000431
1000000432
1000000433
1000000434
1000000435
1000000436
1000000437
1000000439
1000000440
1000000441
1000000442
1000000443
1000000445
1000000446
1000000447
1000000448
1000000449
1000000450
1000000451
1000000452
1000000453
1000000454
1000000455
1000000456
1000000457
1000000459
1000000460
1000000461
1000000462
1000000463
1000000464
1000000465
1000000466
1000000467
1000000469
1000000470
1000000471
1000000472
1000000473
1000000474
1000000475
1000000476
1000000477
1000000478
1000000481
1000000482
1000000485
1000000486
1000000487
1000000488
1000000490
1000000492
1000000494
1000000495
1000000496
1000000498
1000000499
1000000500
1000000502
1000000503
1000000504
1000000508
1000000509
1000000511
1000000513
1000000514
1000000515
1000000516
1000000517
1000000518
1000000519
1000000521
1000000523
1000000526
1000000528
1000000529
1000000530
1000000531
1000000532
1000000534
1000000535
1000000537
1000000538
1000000540
1000000541
1000000542
1000000543
1000000545
1000000546
1000000547
1000000548
1000000549
1000000550
1000000551
1000000553
1000000554
1000000555
1000000556
1000000557
1000000558
1000000559
1000000560
1000000561
1000000562
1000000563
1000000564
1000000565
1000000568
1000000569
1000000570
1000000572
1000000573
1000000574
1000000575
1000000576
1000000577
1000000578
1000000579
1000000580
1000000583
1000000584
1000000585
1000000587
1000000588
1000000589
1000000590
1000000591
1000000592
1000000593
1000000594
1000000595
1000000596
1000000597
1000000598
1000000599
1000000600
1000000601
1000000602
1000000603
1000000605
1000000606
1000000608
1000000609
1000000611
1000000613
1000000614
1000000615
1000000616
1000000618
1000000619
1000000622
1000000623
1000000624
1000000625
1000000626
1000000627
1000000628
1000000629
1000000630
1000000631
1000000632
1000000633
1000000634
1000000636
1000000637
1000000638
1000000640
1000000641
1000000642
1000000643
1000000644
1000000646
1000000647
1000000651
1000000652
1000000653
1000000654
1000000656
1000000657
1000000658
1000000659
1000000660
1000000661
1000000662
1000000663
1000000665
1000000666
1000000668
1000000669
1000000671
1000000673
1000000674
1000000675
1000000676
1000000677
1000000678
1000000679
1000000680
1000000681
1000000682
1000000685
1000000686
1000000687
1000000688
1000000689
1000000690
1000000691
1000000693
1000000694
1000000695
1000000696
1000000697
1000000698
1000000700
1000000701
1000000702
1000000703
1000000704
1000000705
1000000706
1000000707
1000000708
1000000709
1000000710
1000000711
1000000712
1000000713
1000000715
1000000717
1000000718
1000000719
1000000720
1000000724
1000000725
1000000726
1000000727
1000000728
1000000729
1000000730
1000000731
1000000732
1000000733
1000000734
1000000735
1000000738
1000000739
1000000740
1000000741
1000000742
1000000743
1000000746
1000000747
1000000749
1000000750
1000000751
1000000752
1000000753
1000000754
1000000755
1000000756
1000000757
1000000759
1000000760
1000000762
1000000763
1000000764
1000000766
1000000767
1000000768
1000000769
1000000770
1000000771
1000000773
1000000775
1000000777
1000000778
1000000779
1000000780
1000000782
1000000783
1000000785
1000000786
1000000787
1000000788
1000000789
1000000790
1000000791
1000000793
1000000794
1000000796
1000000797
1000000798
1000000799
1000000800
1000000801
1000000803
1000000804
1000000805
1000000807
1000000809
1000000810
1000000812
1000000813
1000000814
1000000815
1000000816
1000000817
1000000818
1000000819
1000000820
1000000821
1000000822
1000000826
1000000827
1000000828
1000000830
1000000831
1000000832
1000000834
1000000835
1000000836
1000000837
1000000839
1000000840
1000000842
1000000843
1000000844
1000000845
1000000846
1000000847
1000000848
1000000849
1000000850
1000000851
1000000852
1000000853
1000000854
1000000856
1000000857
1000000858
1000000859
1000000860
1000000861
1000000862
1000000863
1000000864
1000000865
1000000866
1000000867
1000000868
1000000869
1000000870
1000000872
1000000873
1000000875
1000000876
1000000877
1000000879
1000000880
1000000881
1000000882
1000000883
1000000885
1000000887
1000000888
1000000889
1000000892
1000000893
1000000895
1000000896
1000000897
1000000898
1000000899
1000000900
1000000901
1000000902
1000000904
1000000905
1000000906
1000000907
1000000908
1000000909
1000000910
1000000911
1000000912
1000000913
1000000914
1000000915
1000000916
1000000917
1000000919
1000000920
1000000921
1000000922
1000000923
1000000925
1000000926
1000000927
1000000928
1000000930
1000000931
1000000932
1000000933
1000000934
1000000936
1000000937
1000000939
1000000941
1000000942
1000000943
1000000944
1000000945
1000000946
1000000948
1000000949
1000000950
1000000951
1000000952
1000000953
1000000954
1000000955
1000000956
1000000957
1000000958
1000000960
1000000961
1000000962
1000000963
1000000964
1000000965
1000000966
1000000967
1000000968
1000000969
1000000970
1000000971
1000000972
1000000973
1000000975
1000000976
1000000977
1000000978
1000000979
1000000980
1000000981
1000000983
1000000984
1000000985
1000000986
1000000987
1000000988
1000000989
1000000990
1000000991
1000000994
1000000995
1000000996
1000000998
1000000999
1000001000
1000001002
1000001003
1000001004
1000001005
1000001006
1000001007
1000001008
1000001013
1000001014
1000001015
1000001016
1000001018
1000001019
1000001020
1000001021
1000001022
1000001023
1000001024
1000001025
1000001026
1000001027
1000001029
1000001030
1000001031
1000001032
1000001033
1000001034
1000001035
1000001036
1000001037
1000001038
1000001039
1000001040
1000001044
1000001045
1000001047
1000001048
1000001049
1000001050
1000001051
1000001052
1000001053
1000001055
1000001056
1000001057
1000001058
1000001059
1000001061
1000001062
1000001063
1000001064
1000001065
1000001066
1000001067
1000001070
1000001071
1000001074
1000001075
1000001077
1000001078
1000001079
1000001083
1000001084
1000001085
1000001086
1000001087
1000001088
1000001090
1000001091
1000001092
1000001093
1000001094
1000001097
1000001098
1000001099
1000001100
1000001101
1000001102
1000001103
1000001104
1000001105
1000001106
1000001107
1000001108
1000001110
1000001111
1000001112
1000001114
1000001115
1000001116
1000001117
1000001118
1000001119
1000001120
1000001121
1000001122
1000001124
1000001125
1000001127
1000001128
1000001129
1000001130
1000001132
1000001133
1000001134
1000001135
1000001136
1000001137
1000001138
1000001139
1000001140
1000001141
1000001142
1000001143
1000001144
1000001145
1000001147
1000001148
1000001149
1000001150
1000001151
1000001152
1000001153
1000001154
1000001155
1000001156
1000001157
1000001158
1000001160
1000001161
1000001162
1000001163
1000001164
1000001165
1000001168
1000001169
1000001171
1000001172
1000001173
1000001174
1000001175
1000001178
1000001179
1000001180
1000001181
1000001182
1000001183
1000001184
1000001185
1000001186
1000001187
1000001188
1000001191
1000001193
1000001194
1000001195
1000001197
1000001198
1000001199
1000001200
1000001201
1000001203
1000001204
1000001206
1000001207
1000001208
1000001209
1000001211
1000001212
1000001215
1000001216
1000001217
1000001218
1000001219
1000001220
1000001222
1000001223
1000001224
1000001225
1000001226
1000001227
1000001228
1000001229
1000001231
1000001232
1000001233
1000001234
1000001236
1000001237
1000001238
1000001239
1000001240
1000001243
1000001244
1000001245
1000001246
1000001247
1000001248
1000001249
1000001250
1000001251
1000001254
1000001255
1000001256
1000001257
1000001258
1000001260
1000001261
1000001262
1000001263
1000001264
1000001265
1000001266
1000001267
1000001268
1000001269
1000001270
1000001271
1000001272
1000001273
1000001274
1000001275
1000001276
1000001277
1000001278
1000001279
1000001280
1000001281
1000001282
1000001283
1000001284
1000001285
1000001286
1000001288
1000001289
1000001291
1000001293
1000001294
1000001295
1000001296
1000001298
1000001299
1000001302
1000001303
1000001304
1000001305
1000001306
1000001307
1000001308
1000001310
1000001311
1000001312
1000001313
1000001314
1000001315
1000001316
1000001317
1000001318
1000001320
1000001321
1000001322
1000001323
1000001324
1000001325
1000001326
1000001328
1000001329
1000001330
1000001331
1000001332
1000001333
1000001334
1000001335
1000001336
1000001338
1000001340
1000001341
1000001344
1000001346
1000001347
1000001348
1000001349
1000001351
1000001352
1000001353
1000001355
1000001357
1000001358
1000001359
1000001361
1000001362
1000001363
1000001364
1000001365
1000001366
1000001367
1000001368
1000001369
1000001370
1000001371
1000001372
1000001373
1000001375
1000001376
1000001377
1000001378
1000001379
1000001381
1000001382
1000001383
1000001384
1000001385
1000001386
1000001387
1000001388
1000001389
1000001390
1000001393
1000001395
1000001397
1000001398
1000001399
1000001400
1000001401
1000001402
1000001403
1000001404
1000001406
1000001407
1000001408
1000001410
1000001411
1000001412
1000001413
1000001414
1000001416
1000001418
1000001419
1000001421
1000001422
1000001423
1000001424
1000001425
1000001427
1000001429
1000001430
1000001431
1000001432
1000001433
1000001434
1000001435
1000001436
1000001437
1000001438
1000001439
1000001440
1000001441
1000001442
1000001443
1000001444
1000001445
1000001446
1000001447
1000001449
1000001450
1000001451
1000001452
1000001454
1000001455
1000001456
1000001457
1000001458
1000001459
1000001460
1000001461
1000001462
1000001463
1000001464
1000001465
1000001466
1000001467
1000001469
1000001470
1000001471
1000001472
1000001473
1000001474
1000001477
1000001478
1000001479
1000001482
1000001484
1000001485
1000001486
1000001487
1000001488
1000001490
1000001495
1000001496
1000001498
1000001500
1000001501
1000001502
1000001503
1000001504
1000001505
1000001506
1000001507
1000001508
1000001509
1000001510
1000001511
1000001512
1000001513
1000001514
1000001515
1000001520
1000001521
1000001522
1000001523
1000001524
1000001525
1000001526
1000001528
1000001529
1000001530
1000001531
1000001532
1000001533
1000001534
1000001535
1000001538
1000001539
1000001540
1000001541
1000001542
1000001543
1000001544
1000001545
1000001546
1000001547
1000001550
1000001551
1000001552
1000001554
1000001555
1000001556
1000001558
1000001559
1000001560
1000001561
1000001562
1000001563
1000001564
1000001565
1000001566
1000001567
1000001568
1000001569
1000001570
1000001571
1000001572
1000001574
1000001575
1000001577
1000001578
1000001579
1000001580
1000001582
1000001584
1000001585
1000001586
1000001587
1000001589
1000001590
1000001591
1000001593
1000001594
1000001595
1000001596
1000001597
1000001598
1000001599
1000001600
1000001603
1000001604
1000001605
1000001606
1000001608
1000001611
1000001612
1000001613
1000001614
1000001615
1000001616
1000001619
1000001620
1000001621
1000001622
1000001624
1000001625
1000001627
1000001628
1000001629
1000001630
1000001631
1000001632
1000001633
1000001635
1000001636
1000001637
1000001638
1000001640
1000001641
1000001642
1000001643
1000001644
1000001645
1000001646
1000001647
1000001649
1000001650
1000001651
1000001652
1000001653
1000001654
1000001655
1000001656
1000001658
1000001659
1000001660
1000001662
1000001663
1000001664
1000001665
1000001666
1000001667
1000001668
1000001669
1000001670
1000001672
1000001673
1000001675
1000001676
1000001677
1000001678
1000001679
1000001681
1000001682
1000001684
1000001685
1000001686
1000001687
1000001688
1000001689
1000001690
1000001691
1000001692
1000001693
1000001694
1000001695
1000001696
1000001698
1000001700
1000001701
1000001702
1000001703
1000001704
1000001705
1000001706
1000001707
1000001709
1000001710
1000001711
1000001712
1000001713
1000001714
1000001715
1000001717
1000001718
1000001719
1000001720
1000001721
1000001722
1000001723
1000001724
1000001725
1000001726
1000001727
1000001728
1000001729
1000001731
1000001732
1000001734
1000001735
1000001736
1000001738
1000001739
1000001740
1000001741
1000001742
1000001743
1000001744
1000001745
1000001746
1000001747
1000001748
1000001749
1000001750
1000001751
1000001752
1000001753
1000001755
1000001756
1000001757
1000001758
1000001761
1000001762
1000001763
1000001764
1000001765
1000001769
1000001772
1000001773
1000001774
1000001776
1000001777
1000001778
1000001779
1000001780
1000001782
1000001783
1000001784
1000001786
1000001788
1000001789
1000001790
1000001791
1000001795
1000001796
1000001797
1000001798
1000001799
1000001800
1000001801
1000001802
1000001805
1000001806
1000001807
1000001808
1000001809
1000001810
1000001811
1000001812
1000001813
1000001814
1000001815
1000001816
1000001818
1000001819
1000001820
1000001821
1000001822
1000001823
1000001824
1000001826
1000001827
1000001828
1000001830
1000001832
1000001833
1000001834
1000001835
1000001836
1000001837
1000001838
1000001840
1000001842
1000001844
1000001846
1000001847
1000001848
1000001849
1000001850
1000001851
1000001852
1000001853
1000001855
1000001856
1000001857
1000001858
1000001860
1000001861
1000001862
1000001863
1000001864
1000001865
1000001866
1000001867
1000001868
1000001870
1000001871
1000001872
1000001873
1000001874
1000001875
1000001876
1000001877
1000001878
1000001879
1000001880
1000001881
1000001883
1000001884
1000001886
1000001887
1000001888
1000001889
1000001890
1000001891
1000001892
1000001893
1000001894
1000001897
1000001898
1000001900
1000001901
1000001903
1000001904
1000001905
1000001907
1000001908
1000001909
1000001910
1000001911
1000001913
1000001914
1000001916
1000001917
1000001918
1000001919
1000001920
1000001921
1000001922
1000001923
1000001924
1000001925
1000001926
1000001927
1000001928
1000001930
1000001931
1000001932
1000001934
1000001935
1000001937
1000001938
1000001941
1000001942
1000001943
1000001945
1000001946
1000001947
1000001948
1000001949
1000001950
1000001951
1000001952
1000001953
1000001954
1000001955
1000001956
1000001958
1000001961
1000001962
1000001963
1000001964
1000001965
1000001966
1000001967
1000001968
1000001970
1000001971
1000001972
1000001973
1000001974
1000001975
1000001976
1000001977
1000001979
1000001980
1000001981
1000001982
1000001983
1000001986
1000001987
1000001988
1000001989
1000001990
1000001991
1000001992
1000001993
1000001994
1000001996
1000001998
1000001999
1000002000
1000002001
1000002002
1000002003
1000002004
1000002007
1000002008
1000002009
1000002010
1000002011
1000002012
1000002014
1000002015
1000002017
1000002018
1000002019
1000002021
1000002022
1000002023
1000002024
1000002025
1000002026
1000002027
1000002028
1000002029
1000002030
1000002031
1000002033
1000002034
1000002035
1000002036
1000002037
1000002038
1000002039
1000002042
1000002043
1000002044
1000002046
1000002047
1000002048
1000002049
1000002054
1000002057
1000002058
1000002059
1000002060
1000002061
1000002062
1000002063
1000002064
1000002066
1000002067
1000002068
1000002069
1000002070
1000002072
1000002073
1000002076
1000002077
1000002078
1000002079
1000002080
1000002081
1000002082
1000002083
1000002085
1000002086
1000002087
1000002088
1000002089
1000002090
1000002093
1000002094
1000002095
1000002097
1000002098
1000002099
1000002100
1000002101
1000002102
1000002104
1000002105
1000002106
1000002108
1000002109
1000002110
1000002111
1000002112
1000002113
1000002114
1000002115
1000002116
1000002117
1000002118
1000002120
1000002121
1000002122
1000002123
1000002124
1000002125
1000002127
1000002128
1000002129
1000002130
1000002132
1000002133
1000002134
1000002135
1000002136
1000002138
1000002139
1000002140
1000002141
1000002142
1000002143
1000002144
1000002145
1000002146
1000002148
1000002149
1000002150
1000002151
1000002152
1000002153
1000002155
1000002156
1000002157
1000002158
1000002160
1000002161
1000002162
1000002163
1000002165
1000002167
1000002168
1000002169
1000002170
1000002171
1000002172
1000002173
1000002174
1000002177
1000002178
1000002179
1000002181
1000002182
1000002183
1000002184
1000002185
1000002186
1000002187
1000002188
1000002189
1000002190
1000002191
1000002192
1000002193
1000002196
1000002198
1000002199
1000002201
1000002203
1000002204
1000002205
1000002207
1000002210
1000002211
1000002212
1000002213
1000002214
1000002215
1000002218
1000002219
1000002220
1000002222
1000002223
1000002224
1000002225
1000002227
1000002228
1000002229
1000002230
1000002231
1000002233
1000002234
1000002235
1000002236
1000002238
1000002239
1000002240
1000002242
1000002243
1000002244
1000002245
1000002247
1000002248
1000002249
1000002250
1000002252
1000002253
1000002254
1000002255
1000002256
1000002257
1000002259
1000002261
1000002262
1000002263
1000002264
1000002265
1000002266
1000002268
1000002269
1000002270
1000002271
1000002272
1000002273
1000002275
1000002277
1000002278
1000002279
1000002281
1000002282
1000002283
1000002284
1000002285
1000002286
1000002288
1000002289
1000002290
1000002291
1000002292
1000002294
1000002295
1000002296
1000002297
1000002298
1000002299
1000002300
1000002301
1000002302
1000002303
1000002305
1000002306
1000002307
1000002309
1000002311
1000002312
1000002313
1000002314
1000002315
1000002317
1000002318
1000002319
1000002320
1000002322
1000002323
1000002326
1000002327
1000002328
1000002329
1000002331
1000002332
1000002333
1000002335
1000002336
1000002337
1000002338
1000002339
1000002340
1000002342
1000002343
1000002344
1000002345
1000002349
1000002350
1000002351
1000002352
1000002353
1000002355
1000002356
1000002357
1000002358
1000002359
1000002360
1000002361
1000002363
1000002365
1000002366
1000002367
1000002368
1000002369
1000002370
1000002371
1000002372
1000002373
1000002374
1000002375
1000002376
1000002377
1000002378
1000002379
1000002380
1000002381
1000002383
1000002384
1000002385
1000002386
1000002388
1000002389
1000002390
1000002391
1000002392
1000002393
1000002394
1000002396
1000002398
1000002399
1000002400
1000002401
1000002402
1000002403
1000002404
1000002405
1000002406
1000002408
1000002409
1000002410
1000002411
1000002413
1000002414
1000002415
1000002416
1000002417
1000002418
1000002419
1000002420
1000002421
1000002422
1000002423
1000002424
1000002426
1000002427
1000002428
1000002429
1000002430
1000002431
1000002432
1000002433
1000002434
1000002435
1000002436
1000002437
1000002438
1000002440
1000002441
1000002443
1000002444
1000002445
1000002446
1000002447
1000002448
1000002450
1000002452
1000002453
1000002454
1000002455
1000002456
1000002457
1000002458
1000002459
1000002460
1000002461
1000002462
1000002463
1000002464
1000002465
1000002466
1000002467
1000002469
1000002470
1000002471
1000002472
1000002473
1000002475
1000002476
1000002477
1000002478
1000002480
1000002481
1000002482
1000002483
1000002484
1000002485
1000002487
1000002488
1000002489
1000002490
1000002492
1000002493
1000002494
1000002495
1000002496
1000002497
1000002498
1000002499
1000002500
1000002501
1000002503
1000002504
1000002505
1000002507
1000002508
1000002509
1000002510
1000002511
1000002512
1000002513
1000002514
1000002516
1000002518
1000002519
1000002520
1000002521
1000002522
1000002523
1000002526
1000002529
1000002530
1000002531
1000002532
1000002533
1000002534
1000002535
1000002536
1000002537
1000002538
1000002539
1000002540
1000002541
1000002542
1000002543
1000002544
1000002546
1000002547
1000002548
1000002550
1000002551
1000002552
1000002553
1000002554
1000002555
1000002557
1000002558
1000002559
1000002560
1000002562
1000002564
1000002566
1000002567
1000002568
1000002569
1000002571
1000002572
1000002574
1000002575
1000002576
1000002577
1000002578
1000002579
1000002580
1000002582
1000002583
1000002584
1000002585
1000002586
1000002587
1000002588
1000002589
1000002590
1000002591
1000002592
1000002593
1000002594
1000002596
1000002598
1000002600
1000002601
1000002602
1000002603
1000002604
1000002605
1000002606
1000002607
1000002609
1000002610
1000002611
1000002612
1000002613
1000002614
1000002615
1000002616
1000002617
1000002618
1000002620
1000002621
1000002622
1000002623
1000002624
1000002625
1000002626
1000002627
1000002628
1000002629
1000002630
1000002631
1000002633
1000002634
1000002635
1000002636
1000002638
1000002639
1000002640
1000002641
1000002642
1000002643
1000002644
1000002645
1000002646
1000002647
1000002648
1000002649
1000002652
1000002653
1000002654
1000002655
1000002656
1000002657
1000002658
1000002659
1000002662
1000002663
1000002665
1000002666
1000002667
1000002668
1000002669
1000002672
1000002673
1000002674
1000002675
1000002676
1000002677
1000002678
1000002679
1000002680
1000002682
1000002683
1000002684
1000002685
1000002686
1000002688
1000002690
1000002692
1000002693
1000002694
1000002695
1000002697
1000002699
1000002700
1000002701
1000002702
1000002703
1000002704
1000002705
1000002706
1000002707
1000002710
1000002712
1000002713
1000002714
1000002715
1000002716
1000002717
1000002718
1000002720
1000002722
1000002723
1000002724
1000002725
1000002726
1000002727
1000002728
1000002729
1000002730
1000002731
1000002732
1000002733
1000002734
1000002735
1000002736
1000002737
1000002738
1000002739
1000002740
1000002741
1000002742
1000002743
1000002744
1000002745
1000002746
1000002747
1000002748
1000002749
1000002750
1000002751
1000002752
1000002754
1000002755
1000002756
1000002757
1000002758
1000002759
1000002761
1000002765
1000002766
1000002768
1000002769
1000002770
1000002771
1000002772
1000002773
1000002774
1000002775
1000002777
1000002778
1000002779
1000002780
1000002782
1000002783
1000002784
1000002785
1000002786
1000002787
1000002788
1000002791
1000002792
1000002793
1000002794
1000002795
1000002796
1000002797
1000002798
1000002799
1000002800
1000002801
1000002802
1000002803
1000002804
1000002805
1000002807
1000002808
1000002809
1000002810
1000002811
1000002812
1000002814
1000002815
1000002816
1000002817
1000002818
1000002819
1000002820
1000002821
1000002822
1000002824
1000002826
1000002828
1000002829
1000002831
1000002833
1000002834
1000002835
1000002836
1000002837
1000002839
1000002840
1000002842
1000002843
1000002844
1000002845
1000002846
1000002847
1000002848
1000002849
1000002850
1000002851
1000002852
1000002853
1000002854
1000002855
1000002856
1000002858
1000002859
1000002860
1000002861
1000002862
1000002864
1000002865
1000002866
1000002867
1000002869
1000002871
1000002872
1000002873
1000002874
1000002875
1000002876
1000002877
1000002878
1000002879
1000002880
1000002881
1000002882
1000002884
1000002885
1000002886
1000002887
1000002888
1000002889
1000002890
1000002894
1000002895
1000002896
1000002897
1000002898
1000002899
1000002900
1000002902
1000002903
1000002904
1000002905
1000002908
1000002910
1000002911
1000002912
1000002913
1000002915
1000002916
1000002918
1000002919
1000002921
1000002922
1000002923
1000002924
1000002925
1000002927
1000002928
1000002929
1000002930
1000002931
1000002933
1000002934
1000002935
1000002937
1000002938
1000002940
1000002941
1000002942
1000002943
1000002944
1000002945
1000002946
1000002948
1000002949
1000002950
1000002951
1000002952
1000002953
1000002954
1000002955
1000002956
1000002957
1000002958
1000002959
1000002960
1000002964
1000002965
1000002967
1000002968
1000002969
1000002971
1000002972
1000002973
1000002974
1000002975
1000002976
1000002977
1000002978
1000002979
1000002980
1000002982
1000002983
1000002984
1000002985
1000002986
1000002987
1000002988
1000002989
1000002990
1000002991
1000002992
1000002993
1000002994
1000002995
1000002996
1000002997
1000002998
1000002999
1000003001
1000003003
1000003004
1000003005
1000003006
1000003008
1000003009
1000003010
1000003012
1000003013
1000003014
1000003015
1000003016
1000003017
1000003018
1000003020
1000003024
1000003025
1000003026
1000003027
1000003028
1000003030
1000003032
1000003034
1000003036
1000003037
1000003038
1000003039
1000003040
1000003041
1000003042
1000003043
1000003044
1000003045
1000003046
1000003047
1000003048
1000003049
1000003050
1000003051
1000003052
1000003053
1000003054
1000003056
1000003058
1000003059
1000003060
1000003061
1000003062
1000003063
1000003064
1000003065
1000003067
1000003068
1000003069
1000003070
1000003071
1000003072
1000003073
1000003076
1000003077
1000003078
1000003079
1000003080
1000003081
1000003085
1000003086
1000003087
1000003088
1000003089
1000003090
1000003091
1000003092
1000003093
1000003094
1000003095
1000003096
1000003097
1000003099
1000003100
1000003101
1000003102
1000003103
1000003104
1000003105
1000003106
1000003108
1000003109
1000003111
1000003112
1000003113
1000003114
1000003115
1000003116
1000003117
1000003118
1000003121
1000003122
1000003123
1000003126
1000003127
1000003129
1000003130
1000003132
1000003133
1000003134
1000003136
1000003137
1000003138
1000003140
1000003141
1000003142
1000003144
1000003146
1000003147
1000003148
1000003149
1000003150
1000003151
1000003152
1000003153
1000003154
1000003155
1000003156
1000003157
1000003159
1000003161
1000003162
1000003163
1000003165
1000003166
1000003167
1000003168
1000003169
1000003170
1000003172
1000003174
1000003175
1000003176
1000003177
1000003178
1000003179
1000003180
1000003183
1000003185
1000003187
1000003188
1000003189
1000003191
1000003192
1000003193
1000003194
1000003195
1000003196
1000003197
1000003199
1000003200
1000003201
1000003203
1000003204
1000003205
1000003206
1000003207
1000003208
1000003209
1000003211
1000003212
1000003213
1000003215
1000003216
1000003217
1000003219
1000003220
1000003222
1000003223
1000003226
1000003227
1000003228
1000003230
1000003232
1000003234
1000003235
1000003236
1000003237
1000003239
1000003240
1000003241
1000003242
1000003244
1000003245
1000003247
1000003249
1000003250
1000003251
1000003252
1000003253
1000003254
1000003255
1000003256
1000003257
1000003258
1000003259
1000003260
1000003261
1000003262
1000003263
1000003264
1000003265
1000003266
1000003267
1000003268
1000003269
1000003270
1000003271
1000003273
1000003274
1000003275
1000003276
1000003277
1000003278
1000003280
1000003281
1000003282
1000003283
1000003285
1000003286
1000003288
1000003290
1000003291
1000003292
1000003293
1000003294
1000003295
1000003296
1000003297
1000003298
1000003299
1000003300
1000003301
1000003302
1000003304
1000003305
1000003306
1000003308
1000003309
1000003310
1000003311
1000003313
1000003314
1000003315
1000003316
1000003318
1000003319
1000003320
1000003321
1000003322
1000003324
1000003326
1000003327
1000003328
1000003329
1000003330
1000003331
1000003332
1000003333
1000003334
1000003335
1000003336
1000003337
1000003339
1000003340
1000003343
1000003344
1000003345
1000003347
1000003348
1000003349
1000003350
1000003352
1000003353
1000003357
1000003358
1000003359
1000003361
1000003362
1000003363
1000003364
1000003365
1000003366
1000003367
1000003368
1000003369
1000003370
1000003371
1000003372
1000003375
1000003376
1000003378
1000003379
1000003380
1000003381
1000003383
1000003384
1000003385
1000003387
1000003391
1000003392
1000003394
1000003395
1000003398
1000003399
1000003400
1000003401
1000003403
1000003406
1000003407
1000003408
1000003410
1000003411
1000003412
1000003413
1000003414
1000003415
1000003416
1000003417
1000003418
1000003419
1000003420
1000003421
1000003423
1000003424
1000003425
1000003426
1000003427
1000003428
1000003430
1000003431
1000003433
1000003434
1000003435
1000003436
1000003437
1000003438
1000003440
1000003441
1000003444
1000003445
1000003446
1000003447
1000003448
1000003449
1000003450
1000003452
1000003453
1000003454
1000003455
1000003456
1000003457
1000003458
1000003460
1000003461
1000003462
1000003464
1000003466
1000003467
1000003470
1000003471
1000003472
1000003473
1000003474
1000003475
1000003476
1000003477
1000003478
1000003479
1000003480
1000003482
1000003483
1000003484
1000003486
1000003487
1000003488
1000003490
1000003492
1000003494
1000003495
1000003496
1000003499
1000003500
1000003502
1000003503
1000003504
1000003505
1000003506
1000003507
1000003509
1000003510
1000003511
1000003512
1000003513
1000003514
1000003515
1000003517
1000003518
1000003519
1000003520
1000003522
1000003523
1000003524
1000003525
1000003526
1000003527
1000003529
1000003532
1000003533
1000003534
1000003535
1000003536
1000003537
1000003538
1000003539
1000003540
1000003541
1000003542
1000003543
1000003544
1000003545
1000003547
1000003549
1000003550
1000003551
1000003553
1000003554
1000003555
1000003556
1000003557
1000003558
1000003559
1000003561
1000003562
1000003564
1000003565
1000003566
1000003567
1000003568
1000003569
1000003571
1000003572
1000003573
1000003574
1000003575
1000003576
1000003577
1000003578
1000003579
1000003580
1000003581
1000003583
1000003584
1000003586
1000003587
1000003588
1000003589
1000003590
1000003591
1000003592
1000003595
1000003596
1000003597
1000003598
1000003599
1000003600
1000003601
1000003603
1000003604
1000003606
1000003609
1000003610
1000003611
1000003612
1000003615
1000003616
1000003618
1000003619
1000003620
1000003621
1000003622
1000003623
1000003624
1000003625
1000003626
1000003627
1000003628
1000003629
1000003631
1000003632
1000003633
1000003635
1000003636
1000003638
1000003639
1000003640
1000003641
1000003642
1000003643
1000003644
1000003645
1000003647
1000003649
1000003650
1000003652
1000003654
1000003655
1000003656
1000003657
1000003658
1000003659
1000003660
1000003661
1000003663
1000003664
1000003665
1000003666
1000003667
1000003668
1000003669
1000003670
1000003671
1000003672
1000003673
1000003674
1000003676
1000003678
1000003679
1000003680
1000003681
1000003682
1000003683
1000003684
1000003685
1000003686
1000003687
1000003688
1000003689
1000003691
1000003692
1000003693
1000003694
1000003695
1000003697
1000003698
1000003699
1000003700
1000003701
1000003702
1000003703
1000003704
1000003705
1000003706
1000003707
1000003708
1000003709
1000003710
1000003711
1000003712
1000003714
1000003716
1000003717
1000003718
1000003719
1000003720
1000003721
1000003722
1000003725
1000003726
1000003727
1000003728
1000003729
1000003730
1000003731
1000003732
1000003733
1000003734
1000003735
1000003736
1000003737
1000003738
1000003739
1000003740
1000003742
1000003743
1000003744
1000003745
1000003746
1000003747
1000003748
1000003749
1000003751
1000003752
1000003754
1000003756
1000003757
1000003758
1000003760
1000003761
1000003762
1000003763
1000003764
1000003766
1000003767
1000003768
1000003769
1000003770
1000003771
1000003772
1000003773
1000003774
1000003775
1000003776
1000003777
1000003778
1000003779
1000003780
1000003781
1000003782
1000003784
1000003785
1000003787
1000003788
1000003789
1000003790
1000003791
1000003792
1000003793
1000003794
1000003796
1000003797
1000003798
1000003799
1000003800
1000003801
1000003802
1000003803
1000003804
1000003805
1000003806
1000003807
1000003808
1000003809
1000003810
1000003811
1000003812
1000003813
1000003814
1000003815
1000003816
1000003817
1000003818
1000003819
1000003821
1000003822
1000003823
1000003824
1000003825
1000003826
1000003827
1000003828
1000003829
1000003830
1000003831
1000003832
1000003833
1000003834
1000003836
1000003837
1000003838
1000003839
1000003841
1000003842
1000003843
1000003845
1000003847
1000003848
1000003849
1000003850
1000003851
1000003852
1000003853
1000003854
1000003855
1000003856
1000003857
1000003858
1000003859
1000003860
1000003861
1000003862
1000003863
1000003864
1000003865
1000003866
1000003867
1000003868
1000003869
1000003871
1000003872
1000003873
1000003875
1000003876
1000003877
1000003879
1000003880
1000003881
1000003882
1000003883
1000003885
1000003886
1000003887
1000003888
1000003890
1000003891
1000003896
1000003897
1000003899
1000003900
1000003901
1000003902
1000003903
1000003904
1000003905
1000003906
1000003909
1000003910
1000003911
1000003912
1000003913
1000003914
1000003915
1000003916
1000003917
1000003918
1000003919
1000003920
1000003921
1000003923
1000003926
1000003927
1000003928
1000003929
1000003931
1000003932
1000003933
1000003935
1000003936
1000003938
1000003939
1000003941
1000003942
1000003945
1000003946
1000003947
1000003948
1000003949
1000003950
1000003952
1000003953
1000003955
1000003956
1000003958
1000003959
1000003960
1000003962
1000003963
1000003964
1000003965
1000003966
1000003967
1000003968
1000003969
1000003971
1000003972
1000003974
1000003975
1000003976
1000003978
1000003980
1000003981
1000003982
1000003984
1000003985
1000003986
1000003987
1000003990
1000003991
1000003992
1000003993
1000003995
1000003996
1000003997
1000003998
1000003999
