1000000001
1000000005
1000000006
1000000009
1000000030
1000000041
1000000052
1000000058
1000000062
1000000071
1000000079
1000000093
1000000095
1000000097
1000000108
1000000119
1000000138
1000000139
1000000179
1000000183
1000000218
1000000222
1000000229
1000000263
1000000284
1000000287
1000000294
1000000304
1000000308
1000000316
1000000356
1000000368
1000000373
1000000383
1000000389
1000000390
1000000444
1000000458
1000000479
1000000480
1000000483
1000000497
1000000501
1000000505
1000000520
1000000525
1000000527
1000000533
1000000536
1000000544
1000000571
1000000581
1000000604
1000000617
1000000621
1000000635
1000000645
1000000650
1000000664
1000000667
1000000672
1000000683
1000000692
1000000699
1000000714
1000000737
1000000744
1000000745
1000000761
1000000765
1000000776
1000000792
1000000808
1000000811
1000000823
1000000825
1000000829
1000000871
1000000874
1000000878
1000000886
1000000903
1000000947
1000000974
1000000997
1000001010
1000001017
1000001041
1000001042
1000001043
1000001060
1000001076
1000001082
1000001095
1000001096
1000001113
1000001123
1000001146
1000001159
1000001166
1000001177
1000001190
1000001210
1000001214
1000001230
1000001235
1000001241
1000001252
1000001253
1000001259
1000001297
1000001300
1000001301
1000001337
1000001342
1000001345
1000001354
1000001356
1000001391
1000001392
1000001405
1000001409
1000001415
1000001417
1000001420
1000001426
1000001453
1000001468
1000001475
1000001476
1000001480
1000001489
1000001491
1000001493
1000001499
1000001516
1000001517
1000001519
1000001536
1000001549
1000001557
1000001581
1000001588
1000001601
1000001607
1000001609
1000001617
1000001618
1000001623
1000001626
1000001648
1000001657
1000001674
1000001754
1000001759
1000001768
1000001770
1000001771
1000001775
1000001781
1000001804
1000001845
1000001859
1000001869
1000001885
1000001896
1000001899
1000001902
1000001906
1000001929
1000001939
1000001944
1000001957
1000001969
1000001984
1000001995
1000002005
1000002006
1000002013
1000002016
1000002020
1000002040
1000002051
1000002056
1000002074
1000002075
1000002084
1000002091
1000002092
1000002096
1000002137
1000002154
1000002159
1000002166
1000002175
1000002176
1000002180
1000002197
1000002206
1000002208
1000002216
1000002217
1000002246
1000002258
1000002267
1000002276
1000002280
1000002293
1000002304
1000002310
1000002325
1000002334
1000002346
1000002354
1000002395
1000002407
1000002412
1000002442
1000002468
1000002479
1000002502
1000002506
1000002524
1000002525
1000002545
1000002549
1000002556
1000002563
1000002573
1000002595
1000002619
1000002650
1000002660
1000002664
1000002670
1000002681
1000002687
1000002689
1000002691
1000002709
1000002721
1000002753
1000002760
1000002762
1000002764
1000002767
1000002776
1000002781
1000002813
1000002823
1000002827
1000002830
1000002832
1000002857
1000002863
1000002870
1000002883
1000002891
1000002893
1000002914
1000002926
1000002939
1000002961
1000002963
1000002966
1000002970
1000002981
1000003007
1000003022
1000003033
1000003066
1000003075
1000003082
1000003083
1000003107
1000003120
1000003124
1000003139
1000003160
1000003173
1000003184
1000003186
1000003198
1000003202
1000003210
1000003218
1000003229
1000003231
1000003233
1000003272
1000003284
1000003287
1000003289
1000003307
1000003312
1000003323
1000003338
1000003341
1000003351
1000003355
1000003377
1000003382
1000003386
1000003393
1000003397
1000003405
1000003432
1000003439
1000003459
1000003463
1000003465
1000003468
1000003469
1000003485
1000003491
1000003493
1000003497
1000003498
1000003528
1000003530
1000003548
1000003552
1000003563
1000003582
1000003585
1000003594
1000003605
1000003607
1000003617
1000003648
1000003653
1000003675
1000003690
1000003696
1000003713
1000003723
1000003750
1000003759
1000003765
1000003820
1000003835
1000003840
1000003844
1000003846
1000003878
1000003892
1000003893
1000003895
1000003898
1000003922
1000003925
1000003937
1000003940
1000003944
1000003954
1000003961
1000003977
1000003979
1000003983
1000003994
